http://code.google.com/apis/chart/docs/chart_playground.html

cht=bvo
chs=1000x300
chtt=Littré,+répartition+des+nuances+et+des+synonymes+par+centile
chts=000000,23
chxl=0:
    A
    B
    C
    D
    E
    F
    G
    H
    I
    J
    L
    M
    N
    O
    P
    Q
    R
    S
    T
    V
chxp=0,0,7,10,21,28,35,40,43,46,49,51,54,61,62,65,76,77,84,91,97
chxt=x,y,t
chd=t2:39,49,30,40,23,21,17,11,17,11,11,15,12,11,16,15,21,13,10,11,7,18,16,20,18,28,13,10,24,23,10,9,11,17,25,14,8,9,14,16,9,9,4,15,11,15,29,24,14,5,21,9,12,5,12,17,14,6,8,5,11,14,17,9,12,6,6,10,9,4,5,4,6,13,12,4,5,6,8,9,10,8,5,2,5,10,4,11,10,6,8,5,3,6,4,8,12,9,6,3
    68,65,46,57,34,48,29,27,34,21,26,24,25,16,31,38,41,25,12,16,21,28,33,35,33,45,28,18,40,43,25,20,29,27,50,27,19,21,28,28,14,17,20,27,24,32,49,50,32,15,27,18,23,14,22,25,20,22,19,9,22,34,30,19,19,15,14,18,26,11,11,16,14,31,28,15,24,14,21,16,25,23,21,8,9,25,10,26,19,28,22,11,11,13,16,13,27,15,20,11

chds=0,75
chxr=1,0,75
    2,0,100,10
chxs=0,000000,13,0,l,676767
chbh=a
chco=E2DED0,9999FF
chg=10,33,0,0
chdl=nuances
  synonymes
